50 80
981325707 296228434 874686391 863705125 543176617 681138300 225513238 970713033 441443885 132318432 82403439 450285155 133163457 53239422 709585343 514894549 36553044 807283387 230835847 560543141 595702424 480088030 472036940 284789628 942483589 353520530 589988629 328484775 377168340 346334055 36220401 367406745 520204165 51880273 675211118 22505575 618660698 520492583 16709666 440912714 40191066 270969894 381336870 106116641 995471182 562628971 548571285 982448877 152924487 601326204 
4 2 1
5 11 1
13 20 0
3 16 1
15 24 1
13 15 1
20 30 0
6 5 0
22 23 1
26 39 1
3 28 1
4 10 1
7 25 0
18 45 0
21 22 1
1 6 0
1 24 1
10 36 0
2 18 1
7 2 1
1 37 1
41 47 0
23 41 1
4 30 0
10 8 0
20 47 1
22 44 1
30 39 1
12 20 1
38 42 1
9 27 0
3 11 1
22 35 0
1 11 1
31 50 1
10 3 0
10 3 1
18 35 0
11 31 1
36 40 1
32 44 0
23 50 0
9 25 0
17 33 1
3 7 1
1 4 1
9 26 0
28 31 0
13 29 1
1 10 0
22 41 0
1 9 1
6 15 1
4 9 0
7 19 1
10 2 1
21 22 1
3 7 0
1 24 1
20 35 0
8 27 0
30 36 0
22 23 0
14 30 1
4 13 1
13 23 0
1 4 0
10 3 1
44 49 1
7 12 1
12 14 1
1 6 0
10 39 1
24 42 1
26 46 0
3 31 1
1 7 0
4 3 0
8 12 1
9 26 1
