100 200
408784330 921334212 241159833 764141610 799067452 528285286 898607397 158865579 957073969 874242259 921851192 755738521 575983331 984757768 105504957 480598835 425555085 178586151 77896164 71296030 7334386 588458741 144367005 28219360 176179669 689275485 244119073 383828838 64141182 234873067 283511146 69012863 675301180 496947282 140351414 172419423 594223325 880362982 338823688 353966365 554367544 504392995 174936231 225099829 119851940 455016996 807539101 325813766 38798974 265993260 430892858 551897173 603409830 439535649 855289486 326917577 713975811 269439756 800548338 518940781 433982203 630432923 597695359 659798065 27661563 996002207 45837205 56540520 930566133 348376719 160960342 647695179 55859677 907479554 227539753 867134069 33431851 719517497 889556280 916093798 858113372 875241619 396905458 116910337 28655985 514890262 112080009 305801997 538034799 19598317 25087861 233887927 870904797 579783908 938873071 302189326 377412169 138906862 915993463 452153222 
5 3 0
6 4 0
5 2 0
10 2 0
3 8 0
8 3 0
10 2 0
8 9 0
9 8 0
6 3 0
5 3 0
4 10 0
9 8 0
1 9 0
1 9 0
7 4 0
14 13 0
14 12 1
13 11 0
14 13 1
12 13 1
19 19 0
15 15 0
19 19 0
19 19 0
15 16 0
16 16 0
15 19 0
18 19 0
28 24 1
21 27 0
26 23 1
25 22 0
23 28 0
27 26 1
25 28 0
21 21 0
21 28 1
23 23 1
21 21 0
22 20 0
28 27 0
23 23 1
26 21 0
28 21 0
29 32 0
31 30 0
30 31 0
29 31 0
29 30 0
39 39 1
38 35 0
35 39 0
36 35 1
34 37 0
36 34 0
46 46 0
43 42 0
44 46 0
43 42 0
40 43 0
42 42 0
45 46 0
40 45 0
46 45 0
47 48 0
47 47 0
50 51 1
49 49 1
51 51 1
51 49 0
53 53 1
53 53 1
53 52 0
53 52 0
54 56 0
56 54 1
54 54 0
56 55 0
54 56 0
55 55 0
57 54 1
58 62 1
58 61 1
59 59 1
58 60 0
60 62 1
58 61 0
58 59 1
62 58 0
60 60 0
61 60 1
70 65 0
63 72 0
65 70 1
70 70 0
64 63 0
68 65 0
63 70 0
70 63 0
68 67 1
70 65 0
75 75 1
73 73 1
75 73 1
73 75 1
73 73 0
73 74 1
80 84 0
78 84 0
83 80 0
83 84 0
81 80 0
84 81 0
77 78 0
80 77 0
81 79 0
81 81 0
81 77 0
78 80 0
77 77 0
81 82 0
84 81 0
82 83 0
91 88 0
91 91 0
89 86 0
92 85 0
91 86 0
93 87 0
91 86 0
87 89 0
94 91 0
86 92 0
87 94 0
87 88 0
94 91 0
89 94 0
89 88 0
86 88 0
86 91 0
91 90 0
92 91 0
88 91 0
96 95 0
97 96 0
95 96 0
100 98 0
100 98 0
98 99 0
99 98 0
98 100 0
33 56 1
24 49 0
48 53 0
8 13 0
74 99 1
16 49 0
22 31 0
17 99 0
45 52 1
51 80 1
12 25 1
46 66 0
6 31 0
37 54 0
61 69 1
32 49 1
7 30 0
53 72 1
6 97 1
29 45 1
85 95 1
31 64 1
4 39 1
18 38 1
9 58 0
22 53 0
28 76 0
49 80 0
15 57 0
33 48 0
20 43 1
20 44 0
10 17 0
18 31 1
11 48 1
52 96 0
17 53 1
18 69 1
15 43 1
8 49 0
8 31 1
17 32 1
29 50 0
12 32 0
18 29 1
37 52 0
19 87 1
13 47 1
